76,3
76,2
76,1
76,0
75,3
75,2
75,1
75,0
74,3
74,2
74,1
74,0
0,520
73,3
73,2
73,1
73,0
0,519
0,518
72,3
72,2
72,1
72,0
71,3
71,2
71,1
71,0
70,3
70,2
0,517
70,1
70,0
69,4
69,3
69,2
69,1
69,0
68,3
68,2
68,1
68,0
67,3
67,2
67,1
67,0
66,3
66,2
66,1
66,0
65,3
65,2
65,1
65,0
0,516
0,515
0,514
64,3
64,2
0,513
64,1
64,0
0,512
0,511
0,510
63,3
63,2
0,509
63,1
63,0
0,508
0,507
62,3
62,2
0,506
62,1
62,0
0,505
0,504
0,503
61,3
61,2
0,502
61,1
61,0
0,501
0,500
60,4
0,499
60,3
60,2
0,498
60,1
60,0
0,497
59,3
59,2
0,496
59,1
59,0
46,2
46,0
47,4
0,495
47,2
47,0
47,1
47,3
0,494
0,493
48,2
48,0
0,492
0,491
0,490
49,2
49,0
0,489
0,488
0,487
50,2
50,0
0,486
0,485
0,484
0,483
51,2
51,0
0,482
0,481
0,480
0,479
52,2
52,0
0,478
0,477
0,476
24,2
